-85.93118294    38.34958251
-85.86428466    38.27921539
-85.80524665    38.35111049
-85.80495405    38.35077584
-85.83889341    38.28723404
-85.83882013    38.28710588
-85.83470805    38.28636083
-85.83124878    38.28208762
-85.83424095    38.27948595
-85.83656488    38.27557159
-85.83599953    38.27606261
-85.83547645    38.27673844
-85.83638954    38.27570032
-85.85446533    38.26849696
-85.80528631    38.29286844
-85.80168865    38.29477743
-85.79436246    38.29775577
-85.79686474    38.29483044
-85.83347642    38.29691643
-85.82973248    38.2887971
-85.82659368    38.29246959
-85.81879657    38.28906913
-85.81274788    38.30636153
-85.8168752 38.29581573
-85.81572133    38.29821291
-85.81557967    38.29982742
-85.8054149 38.31573373
-85.81326954    38.31234847
-85.8133725 38.31210039
-85.81027951    38.32454203